multiple_channel=0;
specimen_type='Plane';
wedge_enable=0;
probe_points=[];
probe_points=[probe_points [-0.063500 0.000000 0.000000]'];
probe_points=[probe_points [-0.062500 0.000000 0.000000]'];
probe_points=[probe_points [-0.061500 0.000000 0.000000]'];
probe_points=[probe_points [-0.060500 0.000000 0.000000]'];
probe_points=[probe_points [-0.059500 0.000000 0.000000]'];
probe_points=[probe_points [-0.058500 0.000000 0.000000]'];
probe_points=[probe_points [-0.057500 0.000000 0.000000]'];
probe_points=[probe_points [-0.056500 0.000000 0.000000]'];
probe_points=[probe_points [-0.055500 0.000000 0.000000]'];
probe_points=[probe_points [-0.054500 0.000000 0.000000]'];
probe_points=[probe_points [-0.053500 0.000000 0.000000]'];
probe_points=[probe_points [-0.052500 0.000000 0.000000]'];
probe_points=[probe_points [-0.051500 0.000000 0.000000]'];
probe_points=[probe_points [-0.050500 0.000000 0.000000]'];
probe_points=[probe_points [-0.049500 0.000000 0.000000]'];
probe_points=[probe_points [-0.048500 0.000000 0.000000]'];
probe_points=[probe_points [-0.047500 0.000000 0.000000]'];
probe_points=[probe_points [-0.046500 0.000000 0.000000]'];
probe_points=[probe_points [-0.045500 0.000000 0.000000]'];
probe_points=[probe_points [-0.044500 0.000000 0.000000]'];
probe_points=[probe_points [-0.043500 0.000000 0.000000]'];
probe_points=[probe_points [-0.042500 0.000000 0.000000]'];
probe_points=[probe_points [-0.041500 0.000000 0.000000]'];
probe_points=[probe_points [-0.040500 0.000000 0.000000]'];
probe_points=[probe_points [-0.039500 0.000000 0.000000]'];
probe_points=[probe_points [-0.038500 0.000000 0.000000]'];
probe_points=[probe_points [-0.037500 0.000000 0.000000]'];
probe_points=[probe_points [-0.036500 0.000000 0.000000]'];
probe_points=[probe_points [-0.035500 0.000000 0.000000]'];
probe_points=[probe_points [-0.034500 0.000000 0.000000]'];
probe_points=[probe_points [-0.033500 0.000000 0.000000]'];
probe_points=[probe_points [-0.032500 0.000000 0.000000]'];
probe_points=[probe_points [-0.031500 0.000000 0.000000]'];
probe_points=[probe_points [-0.030500 0.000000 0.000000]'];
probe_points=[probe_points [-0.029500 0.000000 0.000000]'];
probe_points=[probe_points [-0.028500 0.000000 0.000000]'];
probe_points=[probe_points [-0.027500 0.000000 0.000000]'];
probe_points=[probe_points [-0.026500 0.000000 0.000000]'];
probe_points=[probe_points [-0.025500 0.000000 0.000000]'];
probe_points=[probe_points [-0.024500 0.000000 0.000000]'];
probe_points=[probe_points [-0.023500 0.000000 0.000000]'];
probe_points=[probe_points [-0.022500 0.000000 0.000000]'];
probe_points=[probe_points [-0.021500 0.000000 0.000000]'];
probe_points=[probe_points [-0.020500 0.000000 0.000000]'];
probe_points=[probe_points [-0.019500 0.000000 0.000000]'];
probe_points=[probe_points [-0.018500 0.000000 0.000000]'];
probe_points=[probe_points [-0.017500 0.000000 0.000000]'];
probe_points=[probe_points [-0.016500 0.000000 0.000000]'];
probe_points=[probe_points [-0.015500 0.000000 0.000000]'];
probe_points=[probe_points [-0.014500 0.000000 0.000000]'];
probe_points=[probe_points [-0.013500 0.000000 0.000000]'];
probe_points=[probe_points [-0.012500 0.000000 0.000000]'];
probe_points=[probe_points [-0.011500 0.000000 0.000000]'];
probe_points=[probe_points [-0.010500 0.000000 0.000000]'];
probe_points=[probe_points [-0.009500 0.000000 0.000000]'];
probe_points=[probe_points [-0.008500 0.000000 0.000000]'];
probe_points=[probe_points [-0.007500 0.000000 0.000000]'];
probe_points=[probe_points [-0.006500 0.000000 0.000000]'];
probe_points=[probe_points [-0.005500 0.000000 0.000000]'];
probe_points=[probe_points [-0.004500 0.000000 0.000000]'];
probe_points=[probe_points [-0.003500 0.000000 0.000000]'];
probe_points=[probe_points [-0.002500 0.000000 0.000000]'];
probe_points=[probe_points [-0.001500 0.000000 0.000000]'];
probe_points=[probe_points [-0.000500 0.000000 0.000000]'];
probe_points=[probe_points [0.000500 0.000000 0.000000]'];
probe_points=[probe_points [0.001500 0.000000 0.000000]'];
probe_points=[probe_points [0.002500 0.000000 0.000000]'];
probe_points=[probe_points [0.003500 0.000000 0.000000]'];
probe_points=[probe_points [0.004500 0.000000 0.000000]'];
probe_points=[probe_points [0.005500 0.000000 0.000000]'];
probe_points=[probe_points [0.006500 0.000000 0.000000]'];
probe_points=[probe_points [0.007500 0.000000 0.000000]'];
probe_points=[probe_points [0.008500 0.000000 0.000000]'];
probe_points=[probe_points [0.009500 0.000000 0.000000]'];
probe_points=[probe_points [0.010500 0.000000 0.000000]'];
probe_points=[probe_points [0.011500 0.000000 0.000000]'];
probe_points=[probe_points [0.012500 0.000000 0.000000]'];
probe_points=[probe_points [0.013500 0.000000 0.000000]'];
probe_points=[probe_points [0.014500 0.000000 0.000000]'];
probe_points=[probe_points [0.015500 0.000000 0.000000]'];
probe_points=[probe_points [0.016500 0.000000 0.000000]'];
probe_points=[probe_points [0.017500 0.000000 0.000000]'];
probe_points=[probe_points [0.018500 0.000000 0.000000]'];
probe_points=[probe_points [0.019500 0.000000 0.000000]'];
probe_points=[probe_points [0.020500 0.000000 0.000000]'];
probe_points=[probe_points [0.021500 0.000000 0.000000]'];
probe_points=[probe_points [0.022500 0.000000 0.000000]'];
probe_points=[probe_points [0.023500 0.000000 0.000000]'];
probe_points=[probe_points [0.024500 0.000000 0.000000]'];
probe_points=[probe_points [0.025500 0.000000 0.000000]'];
probe_points=[probe_points [0.026500 0.000000 0.000000]'];
probe_points=[probe_points [0.027500 0.000000 0.000000]'];
probe_points=[probe_points [0.028500 0.000000 0.000000]'];
probe_points=[probe_points [0.029500 0.000000 0.000000]'];
probe_points=[probe_points [0.030500 0.000000 0.000000]'];
probe_points=[probe_points [0.031500 0.000000 0.000000]'];
probe_points=[probe_points [0.032500 0.000000 0.000000]'];
probe_points=[probe_points [0.033500 0.000000 0.000000]'];
probe_points=[probe_points [0.034500 0.000000 0.000000]'];
probe_points=[probe_points [0.035500 0.000000 0.000000]'];
probe_points=[probe_points [0.036500 0.000000 0.000000]'];
probe_points=[probe_points [0.037500 0.000000 0.000000]'];
probe_points=[probe_points [0.038500 0.000000 0.000000]'];
probe_points=[probe_points [0.039500 0.000000 0.000000]'];
probe_points=[probe_points [0.040500 0.000000 0.000000]'];
probe_points=[probe_points [0.041500 0.000000 0.000000]'];
probe_points=[probe_points [0.042500 0.000000 0.000000]'];
probe_points=[probe_points [0.043500 0.000000 0.000000]'];
probe_points=[probe_points [0.044500 0.000000 0.000000]'];
probe_points=[probe_points [0.045500 0.000000 0.000000]'];
probe_points=[probe_points [0.046500 0.000000 0.000000]'];
probe_points=[probe_points [0.047500 0.000000 0.000000]'];
probe_points=[probe_points [0.048500 0.000000 0.000000]'];
probe_points=[probe_points [0.049500 0.000000 0.000000]'];
probe_points=[probe_points [0.050500 0.000000 0.000000]'];
probe_points=[probe_points [0.051500 0.000000 0.000000]'];
probe_points=[probe_points [0.052500 0.000000 0.000000]'];
probe_points=[probe_points [0.053500 0.000000 0.000000]'];
probe_points=[probe_points [0.054500 0.000000 0.000000]'];
probe_points=[probe_points [0.055500 0.000000 0.000000]'];
probe_points=[probe_points [0.056500 0.000000 0.000000]'];
probe_points=[probe_points [0.057500 0.000000 0.000000]'];
probe_points=[probe_points [0.058500 0.000000 0.000000]'];
probe_points=[probe_points [0.059500 0.000000 0.000000]'];
probe_points=[probe_points [0.060500 0.000000 0.000000]'];
probe_points=[probe_points [0.061500 0.000000 0.000000]'];
probe_points=[probe_points [0.062500 0.000000 0.000000]'];
probe_points=[probe_points [0.063500 0.000000 0.000000]'];
ProbeType='Linear1D';
